10191
10224
10232
10251
10252
10255
10353
10406
10413
10415
10416
10428
10430
10450
10452
10531
10556
10668
10720
10739
10766
10804
10927
10949
10955
10964
10967
11011
112
12027
12097
12165
12210
12425
12427
12656
12757
12829
12959
13004
13034
13041
13046
13103
13124
13215
13237
13295
13445
13452
1502
20
207
221
2238
2320
2327
2356
2650
2658
2714
2788
2804
2838
2897
2932
3067
3089
3112
3178
3319
3413
3460
3553
3863
4155
4457
4520
4607
4898
5104
5194
5206
522
538
5429
5493
5575
5694
5700
5714
5725
5732
5748
5784
5786
5836
5856
5877
5966
5979
5994
6030
6100
6102
6104
6105
6148
621
6219
6224
6226
6233
6236
6237
6267
6291
6369
6383
6384
6400
6404
6405
6422
6428
6513
652
6549
6552
656
6560
6588
6589
6591
6594
6608
6611
664
6658
6677
6733
6734
6779
6787
6797
6814
6824
6851
6881
6886
6909
6961
6964
6969
6987
7004
7026
7095
7096
7108
7122
7123
7132
7158
7162
7185
7229
7252
7269
7284
7295
7329
7337
7342
7352
7368
7379
7385
7396
7409
7421
7422
7444
7446
7459
7501
7525
7628
7674
7704
7710
7746
7756
7760
7783
7796
7826
7827
7830
7831
7837
7854
7867
7872
7880
7887
7893
7918
8157
8194
8226
8233
8236
8457
848
8503
8577
8598
8609
8614
8615
8618
8712
8732
878
9162
9240
9266
9316
9320
9343
9344
9364
943
9496
9525
9531
9596
9813
9856
9857
9912
C0023786
C0026705
C0026707
MESH:D016781
ORPHA:449285
